13 61ςο sos 0101111001 (11111111 00 1111111111 01011110 0111101 111111
“0011ς1011 slus 11011 10110 00111011 1111111111 1131011111 11011011 111111
-0111001 ’0011111011 10080 01111111031103011 11110011 0111110 10 (3110111
’131111οο 11110 1101101111 001111 pos ‘osso 0001111111 ι1110111311 1100 4001)
-01110111 1101001011 1111 1111111111 31110110001111011 4111101113 1301010011

-111 01101111 1011011100 0010111111 01111111 111111111101000 ’1111101111 x:

unuonJ 10110101 0011ς1000 011111 1001111001) os ί0011011111 11100111
-01 os :ussoaddns 1,ςο 1111 1111 1000011111) 1110111 10011111 01101
-101101011 10 (1οςεο 01110111 0010111111 1111110 0 0101000110 01
11101101 01111ος 1011 110111 1011 11111
’1110110Χο 1001011 1110011101υο 11110 111110 1011011113 0130010011
01110111 03101 op 10111 ί1111111111 1010111101) 1101111 01011111* 00131111]
19111 ζ111111 010 (111 4111011011 ’1111111101 0101011301 xo 1110010110
11100 011011 ί111011101111111 1101011301οἀ 5110110011 0011111011 0111.)
611011 8018011 10013 111111 os otou 1111010113 0110111 1111 1110110111
10 1εο 111100111οε 11011 1101111 01111111 11111111ος 1111 ’ΛΧΧΧ
’11110 1110101001) 0011
-1111 1111001101 111111 01111111 11111100 10 11101111001011 1111110111011111
10 1011000011 1111010111 011111110101111100 111 ί11011 ,1011111111 000101

-011 11111011 41110111 01111111110010111 61ςο 1110111 0110111 111111 11111111 .

[111110111110111 1100 1000010500οε ,1011 1111111111 10 11111011 01111
1110101311 80101100 01111011 000111 8011111011 0111111 0011 ζ0100111
00111111 ’010001 ons 0101111 11113111) ί1100111111 1111011011 0101111
-111 001111 011101 111011011111111110011 ί0111311 xo 11100111111111111111
-111 ·εο1100 0011001111 1110100111 1111110113 111 1111 1011111 ί1110110111
1000111 (0111111 1111100ος (111011οι1 uuum-³15< 4111110101 11011 1111)
1110801 0101111011111 L 6100 00000011 11101111 11111011 0111111111 90111110
-3111111 seq 0110ῧο 1801111001101 ’01111111011111 1111 111131111111111 ‘sus
-ς110 11111301 11113 (0011111 1001001011 1110101013 ,1110 ίςη11311ς11ῧ11111
0010110111 0ῧο ,100 ’0011111011 1011111101 11111111101111 sn} ί11111101

1110101011, 11011111 4111130001111 13, 401101001011 0111010011111 0118011 ;

6500111011οι0 0010111111 01101111 01 Ξ 11100εο 3011111011 11 011 011013
-80003 μ01101110 011011 (131111 001111101110110001 11111111111111 01110111
0111100100111 00110101 000111οΑ 1110111 00101111) 1110111 1111111111
‘menos 01 00111001011311 1110011111 11111019 xo 1111010011 spx
11081101 8111111000οο 010011101ος ‘V 10 01101011 0101101111 ‘N
’1001001111 410300 001111111οἆ 01 xm 011011
ι1013100100 01111οο 81100111 01 {mqaog-k 10 1011111011 1111110001
-00 0101011100 01011011 011111οΛ 10 (1010010001 00111111 0101101

[898- '393 Ὃ ’¹¹ Ἤ] ’(38 ’18 ‘H 21381‘1 96

'N

11

01

δ’

